30 42
72 77
114 116
156 161
196 204
242 249
283 298
332 340
378 383
416 432
465 468
500 520
558 565
596 603
633 639
677 680
715 717
756 763
794 798
838 847
882 896
932 939
970 977
1014 1016
1055 1059
1098 1107
1141 1150
1189 1198
1231 1233
1268 1272
1311 1317
1347 1350
1390 1395
1430 1432
1468 1480
1516 1519
1554 1570
1606 1610
1640 1644
1680 1684
1719 1720
1753 1773
1812 1814
1844 1855
1892 1917
1956 1962
1997 2009
2049 2059
2092 2096
2133 2142
2181 2182
2219 2221
2255 2257
2289 2292
2323 2327
2367 2373
2407 2410
2441 2442
2480 2481
2517 2523
2555 2566
2606 2610
2650 2657
2693 2695
2734 2741
2775 2797
2832 2833
2866 2871
2903 2909
2949 2951
2989 3000
3038 3051
3085 3092
3128 3140
3170 3172
3208 3211
3245 3256
3290 3292
3325 3330
3364 3375
3414 3421
3460 3469
3499 3508
3540 3542
3575 3580
3615 3621
3651 3652
3682 3686
3724 3736
3768 3780
3818 3839
3879 3882
3921 3938
3978 3997
4029 4030
4067 4078
4115 4117
4148 4151
4184 4190
4220 4229
4264 4278
4310 4311