20 29
51 66
90 104
130 132
174 177
196 204
223 232
251 256
289 297
326 331
353 368
394 397
415 420
436 437
466 469
501 502
539 550
582 587
622 624
664 675
693 694
736 739
759 760
811 818
837 839
855 856
880 883
937 949
998 1014
1029 1035
1050 1071
1094 1110
1131 1143
1185 1186
1204 1212
1235 1251
1268 1274
1292 1298
1333 1340
1364 1373
1390 1391
1443 1449
1489 1496
1526 1532
1585 1594
1615 1635
1659 1661
1686 1691
1721 1733
1769 1771
1796 1797
1819 1820
1861 1868
1886 1890
1912 1916
1968 1977
2016 2018
2046 2056
2073 2075
2111 2116
2145 2149
2193 2198
2220 2224
2259 2279
2299 2305
2346 2348
2364 2365
2391 2394
2418 2420
2437 2440
2503 2504
2562 2568
2618 2620
2658 2680
2713 2721
2739 2745
2766 2779
2834 2847
2879 2880
2930 2933
2974 2980
3043 3045
3103 3104
3120 3122
3141 3155
3176 3194
3251 3252
3306 3322
3344 3349
3391 3392
3408 3420
3455 3461
3482 3483
3506 3515
3553 3565
3600 3612
3645 3648
3684 3707
3756 3759
3778 3783
3808 3818
3847 3848
3864 3865
3885 3889
3931 3935
3955 3976
4002 4005
4025 4028
4073 4075
4143 4149
4169 4170
4194 4198
4214 4216
4234 4242
4257 4260
4281 4285
4330 4332
4394 4403
4431 4433
4495 4497
4525 4530
4560 4569
4596 4611
4628 4630
4647 4654
4670 4680
4703 4704
4737 4742
4758 4765
4789 4797
4826 4827
4844 4857
4883 4888
4935 4943
4966 4967
4983 5004
5022 5023
5038 5050
5076 5087
5116 5135
5169 5174
5201 5203
5220 5224
5270 5271
5300 5303
5337 5340
5361 5374
5438 5454
5471 5479
5521 5529
5573 5575
5594 5606
5628 5640
5659 5666
5690 5693
5715 5718