18 32 13
49 50 30
89 92 45
137 139 77
165 167 112
205 223 143
262 266 177
296 302 211
322 329 239
370 376 268
412 422 290
445 446 305
479 484 320
506 508 338
538 539 372
573 576 387
596 598 408
650 654 443
674 685 454
711 724 486
744 746 512
787 788 536
817 827 565
871 892 599
951 960 628
1002 1003 642
1018 1031 661
1047 1067 683
1084 1086 695
1102 1122 714
1149 1160 726
1178 1180 760
1201 1202 777
1220 1223 804
1253 1254 818
1294 1303 832
1334 1344 864
1360 1367 879
1385 1395 892
1427 1430 917
1454 1456 936
1515 1517 969
1533 1538 1004
1575 1576 1020
1598 1612 1040
1638 1642 1073
1667 1675 1108
1692 1693 1120
1716 1725 1137
1751 1753 1156
1770 1787 1171
1847 1849 1203
1874 1877 1231
1926 1941 1250
1978 1982 1273
2013 2023 1285
2052 2058 1295
2097 2100 1313
2116 2119 1323
2141 2142 1341
2184 2188 1359
2212 2218 1389
2241 2246 1416
2283 2304 1445
2351 2355 1474
2399 2401 1493
2427 2439 1504
2491 2501 1538
2526 2532 1557
2557 2571 1590
2625 2630 1617
2658 2660 1644
2697 2707 1671
2758 2778 1687
2845 2848 1712
2878 2884 1739
2941 2942 1774
2984 2988 1784
3031 3035 1816
3051 3052 1826
3070 3072 1849
3119 3133 1874
3152 3169 1899
3210 3217 1923
3238 3252 1934
3276 3293 1955
3312 3317 1967
3353 3372 1981
3418 3427 2015
3487 3490 2033
3526 3534 2047
3552 3561 2060
3591 3596 2095
3612 3620 2109
3636 3642 2143
3670 3671 2170
3703 3719 2190
3737 3744 2203
3791 3793 2219
3812 3813 2253
3832 3843 2287
3874 3877 2300
3906 3909 2310
3933 3935 2330
3953 3970 2344
4007 4023 2368
4060 4067 2396
4119 4124 2411
4158 4165 2427
4198 4217 2438
4236 4238 2466
4255 4272 2496
4293 4301 2527
4324 4329 2551
4345 4346 2573
4366 4369 2591
4404 4425 2612
4445 4451 2638
4468 4480 2655
4530 4534 2687
4579 4594 2720
4616 4623 2742
4666 4670 2762
4685 4691 2797
4714 4726 2807
4742 4749 2824
4769 4778 2846
4796 4802 2869
4832 4836 2894
4880 4885 2916
4926 4932 2938
4965 4974 2961
4992 5001 2978
5020 5029 2992
5048 5062 3019
5083 5087 3041
5104 5106 3073
5137 5143 3095
5169 5185 3126
5211 5212 3158
5229 5233 3173
5248 5249 3204
5265 5270 3226
5297 5302 3236
5332 5338 3263
5357 5377 3280
5429 5431 3306
5451 5470 3321
5502 5515 3349
5543 5566 3379
5606 5622 3389
5663 5670 3400
5705 5707 3410
5722 5729 3437
5740 5741 3462
